titulo,Don Segundo Sombra,Martín Fierro,El túnel,Cien años de soledad,Rayuela,Fervor de Buenos Aires,Sobre héroes y tumbas,El Aleph,Las fuerzas extrañas,La casa de los espiritus,El coronel no tiene quien le escriba,Pedro Páramo,El amor en los tiempos del cólera,La tregua,Los pasos perdidos,Los ríos profundos,Zama,Las intermitencias de la muerte,Memorias de mis putas tristes,El perfume,La sombra del viento,La metamorfosis,1984,Crónica de una muerte anunciada,Fahrenheit 451,Ensayo sobre la ceguera,La colmena,El viejo y el mar,Madame Bovary,Ana Karenina,La guerra y la paz,Los miserables,Matar a un ruiseñor,Orgullo y prejuicio,El gran Gatsby,Drácula,Frankenstein,El extranjero,La náusea,El camino de los reyes,Palabras radiantes,El héroe de las eras,El imperio final,Juramentada,El aliento de los dioses,El Ritmo de la Guerra,El alma del emperador,El líder que no tenía cargo,Los secretos de la mente millonaria,Cómo ganar amigos e influir sobre las personas,Los 7 hábitos de la gente altamente efectiva,Piense y hágase rico,Hábitos atómicos,El poder del ahora,Tus zonas erróneas,La magia del orden,El monje que vendió su Ferrari,Despierta tu héroe interior,Vivir con abundancia,Dune,Fundación,Neuromante,Snow Crash,La carretera,Un mundo feliz,El hombre en el castillo,El nombre de la rosa,La trilogía de Nueva York,La verdad sobre el caso Harry Quebert,Mujercitas,La insoportable levedad del ser,El diario de Ana Frank,Steve Jobs,El hombre que amaba a los perros,Los detectives salvajes,La broma infinita,Hijos de la medianoche,El arte de la guerra,Sapiens,Homo Deus,Educada,El código de la manifestación,El poder de la disciplina,Los cuatro acuerdos,El marciano,El problema de los tres cuerpos,Hyperion,El hombre invisible,La isla del doctor Moreau,Ubik,La mano izquierda de la oscuridad,Cuentos completos,It,El resplandor,El exorcista,Cementerio de animales,La chica del tren,Perdida,El silencio de los corderos,Los hombres que no amaban a las mujeres,La catedral del mar,La ladrona de libros,Patria,El príncipe,La República,Meditaciones,Más allá del bien y del mal,El segundo sexo,Atrévete a no gustar,Vendes o vendes,Los secretos de la felicidad auténtica,La vaca,Piensa como un monje,El camino del artista,La buena suerte,Tus tres superpoderes para lograr una vida extraordinaria,El poder sin límites,Gente tóxica
Don Segundo Sombra,1.0,0.7682578071553158,-0.8319693560851558,0.12240306403789852,-0.8581541469848172,0.745271679890675,-0.9552374265173531,0.9713096503939385,-0.31534847822543116,-0.5248936821391471,0.29759987591433745,0.1659214243310657,-0.19061641475314495,0.49290061927050693,-0.9363084234628821,-0.17893828433101308,-0.2098499746210913,-0.2444203440451328,0.30270297436626226,0.06624680012273351,-0.0024673080778722894,0.699333727701294,-0.5038343682367196,0.7252751196152927,0.14131321515516318,-0.46035809290522917,-0.3356851954205356,0.4906806474932528,-0.36984209723946515,-0.7271109037341921,-0.4568945207831471,-0.4030542645758228,0.196380587370355,-0.17165196877955757,0.49491649499334645,-0.7460807616599332,0.9762909771726739,-0.02076692498972211,-0.8502842426904113,-0.4199283637704426,-0.31369461229041873,0.0005941290053709345,0.06149524938251235,-0.31684385625637485,-0.01434098634956265,-0.4030542645758228,0.8938132157525991,0.7752622384665252,0.8938132157525991,0.9007221098372753,0.12240306403789852,0.9948702925337713,0.7692078392921617,0.2360340183647527,0.9888488697635242,0.7486702551611494,0.9354530868191827,0.7752622384665252,0.7486702551611494,-0.41834771860068676,0.1051208185288033,-0.8036381724493159,-0.8426638804575519,-0.29144966158571356,-0.31594026213277676,-0.3163042151377642,-0.9543283623814567,-0.3665596962727443,-0.5076354335639478,0.6227493971629621,-0.3500596488500634,0.7622238302331689,-0.055731260286440314,-0.6138840190341999,-0.9460123770707198,-0.7333728216829416,-0.9400124143103813,0.985728600117132,0.06468526115877928,-0.23994294446928272,0.14971857256727647,0.9435884482182727,0.7586029971539912,0.8794857370258364,0.1601705460106854,-0.8166595537537938,-0.848768303788248,0.7659182895895331,0.49461568817906254,-0.12264513160266262,-0.7479635733218806,-0.5350127585855555,-0.4474247311345413,0.05326542760440469,-0.6516450843930425,-0.17165196877955757,-0.37852749995592866,-0.4659152975102587,-0.054329538491649086,-0.5076354335639478,-0.29861385237217736,0.07914109371378761,-0.051085366126738925,0.7226672244222354,-0.520691491583557,0.21473246316612102,-0.7312027482894089,-0.8480289743270473,0.9888488697635242,0.7890524277739189,0.998676698973831,0.8908524618574618,1.0,0.9888488697635242,0.7467116724663314,0.4952126692006778,-0.23994294446928272,0.7478863147982729
Martín Fierro,0.7682578071553158,1.0000000000000002,-0.8084174873546495,-0.48856460171924304,-0.3425077385133353,0.8914284774743404,-0.5451207665840312,0.6939035964480375,0.2258039604260153,-0.18649258851172545,0.6591465854446786,-0.2726640630018447,-0.746969847773947,0.8092836254087513,-0.845390664799237,-0.1272832476543043,0.08531479689730066,0.09265015414496651,0.6411846540619798,-0.49490510421511374,-0.4174896361057793,0.6493155359349877,-0.9394316532504058,0.6984886578583905,-0.3352460133711203,-0.1776981774856411,0.19326540676633877,0.6939475567130644,0.11714166845380725,-0.6406287746349115,-0.37471718015790245,-0.4813269500831656,-0.4747530710270436,-0.7466773908757159,0.7419758381688307,-0.15504900193688323,0.7024282028933448,-0.09276310290883466,-0.5735527603160911,-0.5871801948448709,-0.5463817037615469,-0.4203212768649048,-0.3599196145872837,-0.48659425040288634,-0.40601554625546243,-0.4813269500831656,0.5880362745564407,0.8060063543896041,0.5880362745564407,0.4227977846656435,-0.48856460171924304,0.7420650869025138,0.2056730355604444,-0.433038155778229,0.7269325526942136,0.9433680258925359,0.6409209560788363,0.8060063543896041,0.9433680258925359,-0.7649025015776517,-0.4175744099664225,-0.5610612847552598,-0.356431906364403,0.18220256290562298,-0.15385196723384428,0.22604151300685557,-0.5668383701971783,0.2363648612904585,-0.05277190283073016,0.9335761410639458,0.11355147337709492,0.20925570883182795,-0.35982229324278336,-0.883395556755511,-0.7006375017144455,-0.22248461634920655,-0.5137713716054675,0.6679785066550736,-0.4675136355003282,-0.7229177552628951,-0.4899474980271104,0.6520829799679193,0.7674303686962041,0.5709830574790603,-0.4886998357680478,-0.9963279835022935,-0.9813470291006784,0.7838988864458153,0.7364398077809025,-0.11544359474941301,-0.9772335140852527,-0.555692230404883,-0.35465901663669835,-0.35384839893476155,-0.19812880687023296,-0.7466773908757159,0.23800784619810658,0.20466363736042795,-0.6714345804150234,-0.05277190283073016,-0.26818003220542347,-0.4748397770824178,-0.3654968600154766,0.693402669233124,-0.9465298032548702,-0.4601133420120558,-0.9689891286144624,-0.5714961449029949,0.7269325526942136,0.8418864909310048,0.7559285879445402,0.901564572314163,0.7682578071553158,0.7269325526942136,0.9565475315110841,0.7818554831569822,-0.7229177552628951,0.950156748477013
El túnel,-0.8319693560851558,-0.8084174873546495,1.0000000000000002,-0.05429594779096009,0.6498070972673902,-0.535553313959709,0.7285448410111333,-0.677555799485212,0.3640837845738924,0.7280752850945409,-0.09489442644983533,0.39926273514122623,0.26558846591852214,-0.3187483429650236,0.9728750432587246,0.6245004557072437,0.5111191541546454,0.5094842591847802,-0.07540287517511438,0.42313104953574465,-0.19729197521001562,-0.2900603137288165,0.6668811935613465,-0.34367778263430143,0.41042513303571226,0.722048131674891,0.39778713048746106,-0.18943631493331456,0.4764546630960661,0.30982893945593615,-0.04359469717909416,-0.020563862303200654,0.056379471423729864,0.2897335365366777,-0.2392010830665693,0.38496941837644705,-0.6934229414840787,0.5331439819046428,0.9239410860337532,0.06452607425467148,-0.013336453719767011,-0.1942917551517393,-0.25818194027612634,-0.05987044526338275,-0.2086999740518974,-0.020563862303200654,-0.49746627671172766,-0.4688014587089861,-0.49746627671172766,-0.6913251854385456,-0.05429594779096009,-0.772173163586722,-0.5855340100663631,0.13163248461155777,-0.7409449010865536,-0.6141583109120202,-0.5842508260617191,-0.4688014587089861,-0.6141583109120202,0.24473771625588703,0.4202063688653647,0.9324225187538037,0.7217103607490863,0.42396179783315263,0.683953030209904,0.3633358893513763,0.7971957772932932,0.3150266472058119,-0.04948770155360024,-0.86539118524984,0.4851490883129524,-0.6108680268275881,-0.2455905716223469,0.45761828880338606,0.6194133355155733,0.26324315169137874,0.6462644660564224,-0.7372621995821205,-0.12587049511461432,0.1858365392201943,-0.01643958860101198,-0.6032768195720183,-0.422414537958355,-0.47045865315122143,-0.0011294129873498395,0.8466674960375334,0.7823935245189518,-0.4419795109187736,-0.233233754049537,0.5946214261525242,0.8920366414453669,0.10778974287999135,-0.059391363512948846,-0.26436049766680014,0.7066201570577035,0.2897335365366777,0.30014362393657007,0.20522008559757057,0.38894022687083596,-0.04948770155360024,-0.2001293240920691,-0.10889758459198458,-0.24167701938638778,-0.3380439895447031,0.6561329512083063,0.08904083969173993,0.8966462763486052,0.42128540856400293,-0.7409449010865536,-0.5139437260038247,-0.802638312110406,-0.6834710372685406,-0.8319693560851558,-0.7409449010865536,-0.6374448890660367,-0.284494507695728,0.1858365392201943,-0.6258867886661992
Cien años de soledad,0.12240306403789852,-0.48856460171924304,-0.05429594779096009,1.0,-0.6095354938207461,-0.5375793728628336,-0.39483092171776707,0.10485557057342153,-0.9435342865961245,-0.6815622059406148,-0.8438879404050582,0.2872617197020535,0.9449221008231571,-0.7703446808136069,-0.05047892663454113,-0.4258096945730182,-0.7319517454525687,-0.7710648177532053,-0.8240815420852332,0.5789169640271725,0.8916570927522337,-0.34804770533366247,0.7077581422300563,-0.37025275110088574,0.368543294100274,-0.6406880896153306,-0.929926645109389,-0.6744210332386036,-0.8872484540845186,0.2946038318409899,0.32959958692031993,0.5411258259914616,0.9448716523107474,0.9399271554673578,-0.7150404145490059,-0.6346340817627067,0.10672570387785461,-0.2862568893505772,-0.4198097434784523,0.6445990288122014,0.7207762627466734,0.8966371526070711,0.8909036420264439,0.6509888326985913,0.8712930242887847,0.5411258259914616,0.08293920571866031,-0.41776937203047054,0.08293920571866031,0.5360913081360609,1.0,0.11580492135835711,0.7268953224423316,0.8421106667290367,0.11224893293483063,-0.5623319581839655,0.09364214630047354,-0.41776937203047054,-0.5623319581839655,0.8118521396871414,0.47640678117487856,-0.4114636450329657,-0.6310807717650873,-0.8964774200836259,-0.5365686600096813,-0.9441063899767838,-0.41166506360078303,-0.9630903332774049,-0.2716978719715244,-0.44159125960967116,-0.8722305173754001,0.7355950290369354,0.7870859858640995,0.6914300674812818,-0.02567600568888594,-0.4072354982365645,-0.3709993901730718,0.21035238159738567,0.9751023649695775,0.9280759211796787,0.9934765138205938,0.09595584227129453,-0.4009170527747144,0.0795633048379631,0.9871891753302113,0.4124948696689599,0.4127470056836652,-0.40814273862263023,-0.7103965774649471,-0.3774974490303001,0.39687623045986736,0.4624441265885425,0.3147259338740193,0.8786921526329678,-0.7447246325702417,0.9399271554673578,-0.9634364647039724,-0.8974618759817782,0.8207203879132043,-0.2716978719715244,0.3956064422293126,0.9857203182488118,0.7975824647282679,-0.36796764012284294,0.7155173108069587,0.9072695193443946,0.39200837298514524,-0.013683535991782467,0.11224893293483063,-0.4331819526897158,0.11920587236706413,-0.31931600623853096,0.12240306403789852,0.11224893293483063,-0.5681498172876107,-0.7481117741486086,0.9280759211796787,-0.5653656379544018
Rayuela,-0.8581541469848172,-0.3425077385133353,0.6498070972673902,-0.6095354938207461,1.0,-0.3324652322966239,0.9689507019079171,-0.8434393319008976,0.7151551058758439,0.7247681144145472,0.17005556516330378,-0.34742840159962624,-0.34018251408277417,-0.01465863211296117,0.7457965312726123,0.2959240747706366,0.49352922058041265,0.5448016614223659,0.15288032433466228,-0.40791342768951944,-0.42313870338563325,-0.4187705523776478,0.010858615948685629,-0.4240195378542253,-0.3677403942656021,0.6464959439918676,0.7222775450545385,-0.07802219088419853,0.7213380941124885,0.46835915092626,0.2522549415570516,0.09354280004317315,-0.6629863155816084,-0.35795664335791094,-0.05482243981364339,0.945814677887199,-0.8468245278451022,0.0941439235751719,0.8611899303949703,0.04537734761033588,-0.07911662357345636,-0.42881829184635145,-0.4726867774959994,-0.03490152218768305,-0.4006096414853059,0.09354280004317315,-0.7857085168994142,-0.42890071237665145,-0.7857085168994142,-0.9959449505543571,-0.6095354938207461,-0.8579656684396283,-0.9872809197033756,-0.6566760061625213,-0.8547878776104519,-0.312777689087237,-0.8174853541463263,-0.42890071237665145,-0.312777689087237,-0.06413936146763975,-0.3908405079603507,0.8136661338875021,0.9875195794846915,0.661930216389991,0.46814402112831455,0.7164065270042795,0.9677010800123439,0.777765412683444,0.6031086501480742,-0.22721936271603743,0.6947126463440922,-0.9820637622795607,-0.31576277066198194,0.14593255417588386,0.788073956437133,0.8351398503964024,0.9538408827909284,-0.9020736636173794,-0.5354036169463874,-0.2766493036566168,-0.6358770713640005,-0.8235366170127711,-0.42839871967933424,-0.7745582068986206,-0.6441459422282731,0.41979201977478575,0.45708368892518453,-0.42881212857877815,-0.0576769343866133,0.22445258056683237,0.35963937504795934,0.23599712912681783,0.2532705950335177,-0.4582594937530616,0.8741771063668035,-0.35795664335791094,0.7907056277090865,0.8487486456796165,-0.4167078254991381,0.6031086501480742,0.09607234261366289,-0.5560631170024709,-0.3257853178247035,-0.42355031875426524,0.023582819341448034,-0.6648203870246762,0.34633931798431616,0.7191805315158204,-0.8547878776104519,-0.4276977965816266,-0.8591607032769469,-0.5553055458734997,-0.8581541469848172,-0.8547878776104519,-0.30502917491454246,-0.03245969371664103,-0.2766493036566168,-0.3090059430273819
Fervor de Buenos Aires,0.745271679890675,0.8914284774743404,-0.535553313959709,-0.5375793728628336,-0.3324652322966239,0.9999999999999999,-0.5543392035299542,0.7821704796909501,0.3973097919374416,0.12360067958513915,0.8571197806693578,0.15035178289287376,-0.7375093167661101,0.9470178408154969,-0.6670271898941458,0.31058060335234283,0.4337616965073191,0.41947257360107126,0.8572518736237449,-0.14561393743829731,-0.6623422917529767,0.9155494399337601,-0.787526189673521,0.93950450958991,0.07317296284100099,0.16796424994377973,0.3778940436730832,0.9301194803641756,0.34056153507211767,-0.9046526212571053,-0.7528689188173573,-0.8217928326424009,-0.37557751192561556,-0.7035670341983429,0.9429036013806184,-0.2879528394581496,0.7806493079370216,0.36467780874518835,-0.34502684603794537,-0.8769501704688403,-0.8352969747287017,-0.6609991333603881,-0.611922986157138,-0.8105562002809346,-0.6667771673647467,-0.8217928326424009,0.7760304011091144,0.9805725365525911,0.7760304011091144,0.41353345313221224,-0.5375793728628336,0.7662391134644527,0.1783247006814261,-0.23469066264429378,0.7734567229612948,0.9905744538822554,0.7837850631273942,0.9805725365525911,0.9905744538822554,-0.9172193159264427,-0.035162883320390526,-0.29421944808813466,-0.2736618946605886,0.41612724676719004,0.2496864551829535,0.3963163292817042,-0.5164494701483385,0.33341433557172606,-0.4180878239180483,0.6735387094293797,0.3564890869527872,0.1551410835028292,-0.6724763319370276,-0.9807336822439118,-0.8272091381174324,-0.4685278833979738,-0.5835795646316558,0.7068833623793388,-0.6138381137182652,-0.8125753742911871,-0.4879737562865539,0.7843757484704299,0.9679800868149843,0.7720883391576326,-0.46619373866716285,-0.8822088576535958,-0.9430829373610119,0.9736973521122814,0.941755352963657,0.3317133579265754,-0.7767036228362504,-0.8721075908768767,-0.7382618106238242,-0.615596620946916,0.01271762907725801,-0.7035670341983429,0.31442426713609983,0.13595690033888885,-0.454466855889963,-0.4180878239180483,-0.674861723782269,-0.5979738559402091,-0.6726078151159023,0.9371531805432115,-0.8158490277996764,-0.3177247418982506,-0.7526958315200257,-0.7980128486610717,0.7734567229612948,0.989421662230599,0.7568886817997975,0.9668317149562164,0.745271679890675,0.7734567229612948,0.9834118929728497,0.9479283259188781,-0.8125753742911871,0.9872654285875835
Sobre héroes y tumbas,-0.9552374265173531,-0.5451207665840312,0.7285448410111333,-0.39483092171776707,0.9689507019079171,-0.5543392035299542,0.9999999999999998,-0.9465356445108707,0.5314326875663888,0.6200909936733174,-0.06962378111814706,-0.3243873780565861,-0.10150332654477263,-0.2591734860129858,0.8433495820057018,0.19936800077663758,0.3357060070481394,0.3835294155410501,-0.08385021249608691,-0.3021692457854546,-0.2074295646672335,-0.5996904150992941,0.2278299062302284,-0.6119884949333046,-0.3223520028773858,0.5411832564678718,0.5435529120084713,-0.3054064752101826,0.5546718580069687,0.6405032043858768,0.4040701320217012,0.28481434267696454,-0.47766957410524125,-0.1245110898387756,-0.2902026629375778,0.9021596237532488,-0.9496143506747649,0.008418724071272483,0.8612716076569005,0.25976502780320404,0.13917256402931602,-0.21257300169130522,-0.26485345437623403,0.16967274318579254,-0.18723310876277224,0.28481434267696454,-0.8890734120858762,-0.6306247131844831,-0.8890734120858762,-0.9870236477665756,-0.39483092171776707,-0.9582934348769148,-0.9174195769358124,-0.5047788651849694,-0.9562981428144997,-0.5376064283112396,-0.921378563969161,-0.6306247131844831,-0.5376064283112396,0.18116164801790918,-0.31501413692188884,0.8078239357377762,0.9459271649967274,0.4827443481714204,0.3653896715840374,0.5327367638698293,0.9917833940881603,0.5998215608849938,0.6237824655502402,-0.39311412335108453,0.5279816875295154,-0.9079850094803862,-0.11370771295518575,0.38569294386105113,0.907946445741799,0.8473832936368518,0.9914652187060816,-0.9804703600806517,-0.3141581347265433,-0.03056286154710093,-0.42868573969266954,-0.9273934973044639,-0.6255016073739703,-0.8775490149389977,-0.44074435164687076,0.6109102330407448,0.6561517362213203,-0.6279378666003839,-0.292184314713365,0.13132500988832355,0.5341604995004464,0.42477946607709466,0.40078157590648605,-0.251674612364892,0.7761338444181516,-0.1245110898387756,0.615237623159391,0.7066735340330625,-0.23400484397093457,0.6237824655502402,0.24439856032977797,-0.3353983580049953,-0.1222073955045607,-0.6108087073342512,0.2455217788895394,-0.4925678194982995,0.516839835102006,0.8344896935926243,-0.9562981428144997,-0.6333002465165061,-0.9580181596732541,-0.7436559159404692,-0.9552374265173531,-0.9562981428144997,-0.5299047937445167,-0.27364036054641644,-0.03056286154710093,-0.533914871801982
El Aleph,0.9713096503939385,0.6939035964480375,-0.677555799485212,0.10485557057342153,-0.8434393319008976,0.7821704796909501,-0.9465356445108707,1.0,-0.23096020111640808,-0.36309926816079596,0.38543473351175483,0.382587582446666,-0.1730590212350726,0.5470387148205995,-0.8284135129303115,0.044598425431466866,-0.03459151290699991,-0.08000475473715474,0.399915240271493,0.24978015689708222,-0.11921025986718518,0.8197454754130039,-0.4099056885048383,0.8320717936151201,0.35173815004443576,-0.28109744779813317,-0.24406808925992046,0.596262037198341,-0.25730241780126906,-0.8464102804214989,-0.6392504635095407,-0.5649935443087156,0.2529224617601611,-0.1372365050180974,0.5819556026580187,-0.8069214875400793,0.9997595529881506,0.21130906661493234,-0.7218493035746727,-0.5545595961129888,-0.44906490481905964,-0.1140152849207475,-0.06007893777125685,-0.47080720543267274,-0.1392240669849348,-0.5649935443087156,0.9748165265808852,0.8466234064708493,0.9748165265808852,0.8849160535214765,0.10485557057342153,0.9903845318689601,0.7483813723857494,0.3416911603085362,0.9958949531934569,0.7538066333591134,0.9926717116841183,0.8466234064708493,0.7538066333591134,-0.48090472201009293,0.3039251016025483,-0.6563236278289049,-0.7911572980997776,-0.17503451075494203,-0.10860471674273084,-0.23253530991170354,-0.9152506299444929,-0.3196053387824727,-0.6883826697328111,0.47384184615356323,-0.22772538565566552,0.7278874695884806,-0.207292127062076,-0.6458958650284132,-0.9940218065945632,-0.8502162746123714,-0.9624137871401597,0.9898861882171226,-0.0019462919693841708,-0.2724697565175845,0.15775153947585074,0.99526311325569,0.8437511650410852,0.967436735583414,0.17847846155043615,-0.7393302170226368,-0.8097417357283253,0.8453516679708268,0.5839551001620613,0.1051096567427677,-0.6277331054857626,-0.6830042444821771,-0.6328922784389154,-0.07327500842787288,-0.5390527175562071,-0.1372365050180974,-0.341937248263762,-0.501492997744348,0.06592084366577604,-0.6883826697328111,-0.4978146816112281,0.024240226431141824,-0.19978590286603612,0.8309354061258398,-0.4372622929071651,0.29272660536767947,-0.6032424239729957,-0.9489311745173843,0.9958949531934569,0.8461556642798531,0.9822548641001152,0.9050537763442975,0.9713096503939385,0.9958949531934569,0.7413982934729878,0.5640543056393402,-0.2724697565175845,0.7478306246820959
Las fuerzas extrañas,-0.31534847822543116,0.2258039604260153,0.3640837845738924,-0.9435342865961245,0.7151551058758439,0.3973097919374416,0.5314326875663888,-0.23096020111640808,1.0,0.8854910795148795,0.807782917371132,-0.04800860837750645,-0.8007416452340617,0.6702479562989918,0.3271477904713241,0.6631182097174421,0.891391962520058,0.9206753086580436,0.7994069842007501,-0.3308118759612971,-0.934015000920479,0.32666412564160163,-0.4477825843040794,0.32713841181026115,-0.12405590112249616,0.856771422826414,0.9992423789708047,0.6410226715037214,0.9898012584702726,-0.27236999653289545,-0.4205951075506769,-0.5982784498327057,-0.8244656515982405,-0.7808339018284438,0.6564198452228326,0.634705476694782,-0.23929664532666847,0.5192064599417515,0.6684939618601524,-0.6585272931944491,-0.7465100576368914,-0.9366772612749003,-0.9497559369307286,-0.7035550950433856,-0.9225930130936079,-0.5982784498327057,-0.13979708029271062,0.3221280918874563,-0.13979708029271062,-0.6574166573256432,-0.9435342865961245,-0.28168374101995475,-0.8125012280237531,-0.6841217946419605,-0.2646533559590157,0.38387715634033465,-0.18302051600441968,0.3221280918874563,0.38387715634033465,-0.7299545288724696,-0.22806036069893265,0.6738058566673109,0.7726947478224415,0.9888633617014992,0.7688789167844547,0.9999956518593393,0.5801327618720263,0.9850407822443413,0.13288534574289895,0.1259621374426216,0.9836710152011273,-0.8341172270997934,-0.8689593994096673,-0.5535435292108758,0.13368447400282846,0.3651328872052667,0.4728169952019609,-0.3558926135281823,-0.9654534100324749,-0.832490731814551,-0.9140267467359988,-0.1926602240535484,0.3250711599976496,-0.12657143383054292,-0.8987734315437508,-0.1454478409821826,-0.18256027230511754,0.323997278425117,0.6548277482893244,0.6144294217876799,-0.09569671762187937,-0.48894722386553063,-0.41225194933708675,-0.9428087550062104,0.9099364433173809,-0.7808339018284438,0.9759404055851955,0.8515280921528904,-0.5983940770458059,0.13288534574289895,-0.5262469445483419,-0.9645438757958817,-0.876071353774907,0.3271569140907757,-0.46350527626815347,-0.7699200009544513,-0.08563680182937496,0.04729423682038861,-0.2646533559590157,0.3178597188076197,-0.2986387574464615,0.14989664879876774,-0.31534847822543116,-0.2646533559590157,0.3778903641547025,0.6660656132768683,-0.832490731814551,0.3809989500662891
La casa de los espiritus,-0.5248936821391471,-0.18649258851172545,0.7280752850945409,-0.6815622059406148,0.7247681144145472,0.12360067958513915,0.6200909936733174,-0.36309926816079596,0.8854910795148795,1.0000000000000002,0.6006656953566166,0.29687490987486925,-0.4433984479799271,0.4000158240734659,0.651840449585886,0.8675221766639775,0.942356663765973,0.9521800711649098,0.6099449828846221,0.08126936973566837,-0.8124999568724368,0.2333929215669869,0.0036068828727608407,0.2032951001005477,0.24290046303040586,0.9938918329648515,0.9029040520343045,0.47000493537586424,0.9419111066455488,-0.1884234847978177,-0.46675497608278915,-0.5625502806339918,-0.4958736735558309,-0.4064298723686088,0.4470420841040175,0.5118571544444656,-0.3788907113552289,0.7453735058767194,0.8878125070515498,-0.5505005320817142,-0.6379990029965725,-0.8113954950837877,-0.8483272602412344,-0.6410008703043962,-0.8158329544877931,-0.5625502806339918,-0.19246767085092553,0.12557941865738714,-0.19246767085092553,-0.7002435017695401,-0.6815622059406148,-0.4597856827973852,-0.7751855283870743,-0.3300008560746784,-0.42715464016670857,0.05921030368369807,-0.27293256752121287,0.12557941865738714,0.05921030368369807,-0.47368330638413947,0.16445544347856095,0.9112525602695493,0.8216485882299557,0.9268945339500156,0.9457853215605874,0.8846790249601402,0.7040535423156424,0.8250174290758291,-0.08755853678713707,-0.3411490671681574,0.9494345026125052,-0.8107310940522345,-0.8154719086894092,-0.25291299120511124,0.25928453532205775,0.2353487669879941,0.5240403789231427,-0.4910920630740483,-0.7649020174900121,-0.5371586555554221,-0.6255324131955653,-0.29098066339440704,0.1557180076994799,-0.16798840032166354,-0.6006578540750809,0.25729518567231996,0.17567039632127496,0.14321091781414147,0.4500388563234774,0.8277367181829837,0.3452843206000881,-0.43140757711507316,-0.469187840194047,-0.8501096933468193,0.9654043183497003,-0.4064298723686088,0.8044299178661353,0.6221508922581077,-0.1706377326660117,-0.08755853678713707,-0.6075483260386904,-0.7479998589822139,-0.8164589716361252,0.20654113734809232,-0.020240058343042072,-0.4281285314333911,0.3606780766091407,0.0852763011952961,-0.42715464016670857,0.09453275690788983,-0.4924677023015735,-0.11677257009513738,-0.5248936821391471,-0.42715464016670857,0.03782564172464863,0.42196191802371613,-0.5371586555554221,0.04859743945212588
El coronel no tiene quien le escriba,0.29759987591433745,0.6591465854446786,-0.09489442644983533,-0.8438879404050582,0.17005556516330378,0.8571197806693578,-0.06962378111814706,0.38543473351175483,0.807782917371132,0.6006656953566166,1.0,0.1458214042748061,-0.8835576689067706,0.9730241278398557,-0.2140664078684545,0.6240253802580455,0.8055058821878143,0.8080486566221232,0.9989486481807638,-0.20249611768915404,-0.9527326303567474,0.795435591547083,-0.7030623286136096,0.8061556170660195,0.05461720748211126,0.6198349895095396,0.7975706647211324,0.9648568616694364,0.7761842536721864,-0.7595691121632482,-0.7630904901747112,-0.8932098430064833,-0.6525099545028917,-0.8456454162656754,0.9746106094082984,0.12967392188672253,0.3782628905645116,0.585680159503413,0.17718989957690898,-0.9504157255884923,-0.9704861609646426,-0.9525355546301669,-0.9306655245857511,-0.9386602019245261,-0.9523812546324083,-0.8932098430064833,0.4477235441642106,0.8172535463081514,0.4477235441642106,-0.08856694884990302,-0.8438879404050582,0.3370666930671751,-0.3213095177989692,-0.4720652441814127,0.3546304053761584,0.8329909107897792,0.4216225581433291,0.8172535463081514,0.8329909107897792,-0.9884319274927126,-0.0729606111759411,0.21884461706441,0.25050540471094784,0.825048376463796,0.6353152523151168,0.8069335112082472,-0.00934655838473014,0.7462693357126978,-0.25874448289079527,0.44221423123909925,0.786494158357743,-0.3521178168218583,-0.9370962573010998,-0.9253470031257823,-0.47194621220422417,-0.14635374683485294,-0.12987486398101372,0.26334267121824034,-0.9209789081194734,-0.9654097687837435,-0.7879343236080145,0.41499455010395814,0.8156093628217146,0.4545979874042494,-0.762492239351811,-0.60998875108942,-0.6815373389113506,0.8166838283358746,0.9738459307006856,0.6133138330026092,-0.5018357041290146,-0.8628076919727797,-0.7505077591441827,-0.931077281982602,0.525922556007997,-0.8456454162656754,0.7258047156637223,0.5218259186595572,-0.5615090422185841,-0.25874448289079527,-0.7749750638826856,-0.9063314980271148,-0.9399228733471459,0.8051847153430585,-0.7329861530323457,-0.5795878083950466,-0.47859732077633815,-0.5172795876556472,0.3546304053761584,0.8156583773511172,0.3180467037021283,0.6980066237656307,0.29759987591433745,0.3546304053761584,0.8216478813491411,0.9765302002380338,-0.9654097687837435,0.8275643819078278
Pedro Páramo,0.1659214243310657,-0.2726640630018447,0.39926273514122623,0.2872617197020535,-0.34742840159962624,0.15035178289287376,-0.3243873780565861,0.382587582446666,-0.04800860837750645,0.29687490987486925,0.1458214042748061,0.9999999999999999,0.3342317173332528,0.0822307547950637,0.18951792002995993,0.7106822330262271,0.4099060674699808,0.3454335237114375,0.191020442435774,0.9392717631012429,-0.174723871760349,0.5352207666378079,0.4863564330900875,0.4797637104354839,0.9957975337095607,0.3955997187944187,-0.019545899689727097,0.31874672955321104,0.06985426987983674,-0.5549813186099247,-0.7305364934399825,-0.5666250650502939,0.583063545191408,0.4045258347590307,0.23234033322109088,-0.6306671928111683,0.3635300359669139,0.8286070689896929,0.17116323718412244,-0.4276119299476504,-0.3800399151130449,-0.16382794664562025,-0.17889975749584347,-0.47799081296962265,-0.21678897746511036,-0.5666250650502939,0.5658331224716132,0.33458266426688116,0.5658331224716132,0.3292155664311725,0.2872617197020535,0.25925662833210605,0.34010663946544534,0.755183184567847,0.302729103896325,0.016114069310614963,0.48430067231574747,0.33458266426688116,0.016114069310614963,-0.08433843466805789,0.9760289376946819,0.2605673525512927,-0.20373335861332206,0.10116419449283555,0.5766701671017656,-0.05090132082356874,-0.20829365822454177,-0.2163382062929006,-0.9335083960315913,-0.5901933739974572,0.11867958184691872,0.28728891271881224,-0.3609737497027879,-0.04877399586906059,-0.42774529373546266,-0.7768465471476234,-0.4372132356023711,0.3226090581100108,0.06905663328078834,0.11668772282527912,0.3939210715801519,0.46485934423971054,0.3912031202216185,0.5890472038656931,0.4354354804455341,0.24796863953554452,0.08725595789692384,0.3677533764690717,0.24298405459132888,0.7569190321558592,0.4308158306208795,-0.5684155615076494,-0.7455729290164661,-0.20473076752236172,0.04905071402800038,0.4045258347590307,-0.26074889752011043,-0.5485390885431671,0.7366748545697636,-0.9335083960315913,-0.738152075136391,0.12289575137106434,-0.34498311046794783,0.4857669080047611,0.44288735055079426,0.6608770473888212,0.4641413169381772,-0.6116368041907726,0.302729103896325,0.275862498960779,0.21358524642422705,0.16622694368172514,0.1659214243310657,0.302729103896325,-0.02802683105391631,0.14884015305872228,0.11668772282527912,-0.005819199325570449
El amor en los tiempos del cólera,-0.19061641475314495,-0.746969847773947,0.26558846591852214,0.9449221008231571,-0.34018251408277417,-0.7375093167661101,-0.10150332654477263,-0.1730590212350726,-0.8007416452340617,-0.4433984479799271,-0.8835576689067706,0.3342317173332528,1.0000000000000002,-0.884570760973146,0.27915065572600556,-0.2652543400247378,-0.5811354994579035,-0.6144977937312779,-0.8611751921819729,0.6373730186889159,0.8294341105555415,-0.4978894767271066,0.8939121074719304,-0.5338605023325788,0.4191423714503351,-0.4141978144818873,-0.7778845512672041,-0.7653607551791669,-0.715845606004997,0.45380942007790126,0.3788006115371928,0.5814143763737079,0.902314141304616,0.9971383657507668,-0.8153359464777142,-0.43318197492134136,-0.17509409252042576,-0.1704646203401925,-0.10256114198549197,0.7013845294824277,0.7447073295784097,0.8344279365675827,0.8073728846323385,0.6680511541633781,0.8090895178367121,0.5814143763737079,-0.14758084925140086,-0.6120793498410599,-0.14758084925140086,0.25429725519555896,0.9449221008231571,-0.18449660669641482,0.4800618378164298,0.8113494620329911,-0.18092094771961928,-0.7776060117771596,-0.16034645521520588,-0.6120793498410599,-0.7776060117771596,0.8995181297660805,0.5313442977856435,-0.09955757796791714,-0.34922821671768256,-0.7466027148187522,-0.3413912723581757,-0.8013068933997227,-0.10448069946983005,-0.8219968925835891,-0.20031101854321584,-0.6912883383794369,-0.702392491305154,0.4845503925858582,0.7258686270505753,0.8527661746378203,0.2349831676292735,-0.23768155560901358,-0.09675284824563941,-0.08424011109630343,0.9149728329172301,0.9750531895316856,0.9420608919673304,-0.16303225961348458,-0.5840972989489212,-0.1434526661668818,0.9374382136873377,0.6875141496849637,0.679757325010076,-0.5960561971125663,-0.8095943939579773,-0.23231758064264502,0.671253993407485,0.5493605705423644,0.35982626074308643,0.7954653581189424,-0.4906552711057099,0.9971383657507668,-0.8235265924308406,-0.7652997034402873,0.8835768749115488,-0.20031101854321584,0.3891229277903811,0.9265516251426764,0.736181860366694,-0.5301448391974211,0.9018003917530405,0.8694798663832951,0.6649833826445342,0.19330214361411113,-0.18092094771961928,-0.637996459564798,-0.18775002984421832,-0.5754216207987016,-0.19061641475314495,-0.18092094771961928,-0.7875778221345738,-0.8565075690047851,0.9750531895316856,-0.7827586145784444
La tregua,0.49290061927050693,0.8092836254087513,-0.3187483429650236,-0.7703446808136069,-0.01465863211296117,0.9470178408154969,-0.2591734860129858,0.5470387148205995,0.6702479562989918,0.4000158240734659,0.9730241278398557,0.0822307547950637,-0.884570760973146,0.9999999999999999,-0.43351695805508866,0.4653912888200205,0.6515827433973636,0.6516085653799528,0.9691752465620603,-0.2548550148831456,-0.8576781399727268,0.8449034805950802,-0.8066346099356742,0.8658410280937567,-0.0067393898269094265,0.42383511488198755,0.6535344131781031,0.9706134147928437,0.6178231923104819,-0.8167905246738735,-0.740580731188212,-0.8619485816940287,-0.6043429203952755,-0.8517291191006751,0.9883575418594954,0.0003131557082377296,0.5433625207310002,0.456806914193649,-0.053152565032655974,-0.93089709773064,-0.9285958604893094,-0.8577624220182541,-0.8220362474857852,-0.8913228039765696,-0.8563465973024589,-0.8619485816940287,0.5693117122670673,0.9008925407403013,0.5693117122670673,0.10097859682825254,-0.7703446808136069,0.5194156979005183,-0.14418193144796937,-0.4452514839332848,0.5301610872390191,0.9378458190328312,0.5625640374417152,0.9008925407403013,0.9378458190328312,-0.9963882994235069,-0.13035287521113004,-0.012097852062401358,0.04970306989515801,0.67820298516175,0.4556217579845243,0.669506410825222,-0.21422878327191533,0.6170596810652363,-0.2720863908297923,0.6050062916215353,0.6275088271915115,-0.16927656461031995,-0.8390445235483279,-0.9878028645735172,-0.6162672220207698,-0.23637893116327083,-0.30059429020969347,0.4439921169620082,-0.8348267102384535,-0.9515007430422494,-0.7222965416214566,0.5601627524389319,0.8903486286812781,0.570141086668584,-0.7002807871770502,-0.7733987267164183,-0.8319760004019474,0.8951738019963867,0.9866239684008348,0.46463984383830376,-0.6746787130283673,-0.8649741202322941,-0.7254654484535495,-0.8220143029507361,0.32412307760453346,-0.8517291191006751,0.5995095233215132,0.4180840140039379,-0.593831602689369,-0.2720863908297923,-0.7135470575841962,-0.8228733432525657,-0.8419869559286177,0.8637953077307313,-0.8340865695192279,-0.5402491011684222,-0.6524576027573116,-0.6181279198074807,0.5301610872390191,0.9079834636831287,0.5070137947137406,0.8340496428699992,0.49290061927050693,0.5301610872390191,0.9309830311770214,0.9977345244989151,-0.9515007430422494,0.9346724337605157
Los pasos perdidos,-0.9363084234628821,-0.845390664799237,0.9728750432587246,-0.05047892663454113,0.7457965312726123,-0.6670271898941458,0.8433495820057018,-0.8284135129303115,0.3271477904713241,0.651840449585886,-0.2140664078684545,0.18951792002995993,0.27915065572600556,-0.43351695805508866,1.0000000000000002,0.45044187232966215,0.38194804276341676,0.3941149190126067,-0.20335032905287054,0.2565874768414079,-0.09099071326040879,-0.48775241570618955,0.6533354743285658,-0.5329343150803132,0.20969156413939913,0.6223338609857922,0.35723326849049836,-0.34847511890390187,0.4222333841946849,0.5099241921667766,0.17666943542825794,0.17577893260243632,-0.014438711959519181,0.28606948427572604,-0.38275607822677676,0.5323451389371632,-0.8403542189795751,0.3316746266178328,0.9203088323081089,0.23963868775331765,0.14894996105226763,-0.09023197865881183,-0.15597244138878358,0.11877612694292215,-0.09382758023009802,0.17577893260243632,-0.6840879741082149,-0.6337798120017546,-0.6840879741082149,-0.7922144992961246,-0.05047892663454113,-0.8970375783751785,-0.664105969636642,0.012267057144942849,-0.8751251286743119,-0.7184111098863423,-0.7554412112978915,-0.6337798120017546,-0.7184111098863423,0.35736028504895345,0.23480948022972872,0.906257449576611,0.7834236615254511,0.3561236581071894,0.5413793169451404,0.3270631393967262,0.8852496314230246,0.3173904551052768,0.17332925463037638,-0.8180630241688724,0.41985886180221355,-0.6766819469441313,-0.10238255966104454,0.5684182583648444,0.7842218580779937,0.45892936877079854,0.7863897878337269,-0.8680814837670408,-0.07174527018085032,0.2495261495957089,-0.03856717094586173,-0.7706670246091127,-0.5972085533587129,-0.661307792496708,-0.03362671336679794,0.8869963726457696,0.8603861068864347,-0.6127592082368714,-0.3787405596332379,0.4097706133603619,0.8858590329913739,0.30874201214278857,0.16229749883931083,-0.15679275672033532,0.6896006573290376,0.28606948427572604,0.3131230335620391,0.29294506159045103,0.29445741077015813,0.17332925463037638,0.014581995892482526,-0.06686115379660748,-0.1015277015748256,-0.528238186028313,0.6539921352018649,-0.00308376412649556,0.8815105493070693,0.6196588802622475,-0.8751251286743119,-0.6683154889285983,-0.9175462931133815,-0.8130628651858507,-0.9363084234628821,-0.8751251286743119,-0.7323319799540912,-0.4123220981808517,0.2495261495957089,-0.7255113556150931
Los ríos profundos,-0.17893828433101308,-0.1272832476543043,0.6245004557072437,-0.4258096945730182,0.2959240747706366,0.31058060335234283,0.19936800077663758,0.044598425431466866,0.6631182097174421,0.8675221766639775,0.6240253802580455,0.7106822330262271,-0.2652543400247378,0.4653912888200205,0.45044187232966215,0.9999999999999998,0.9277481791555573,0.9017073931558,0.6522131832940072,0.48445196248711536,-0.7581108158365505,0.5594067259165991,0.1158868553999559,0.5152435366698446,0.6588397036180336,0.9171154174804912,0.6860963058707326,0.6253802540332366,0.7507601809732265,-0.5354162152729637,-0.7931246182015256,-0.7929102200919477,-0.12861815917297117,-0.20037952278575263,0.5697742113122738,0.016747012702737502,0.02409453817934295,0.9782173101325626,0.6572015486372246,-0.7262810779961081,-0.7590867087429806,-0.7519177908876558,-0.7778032288807807,-0.8042922286202467,-0.7812481385414828,-0.7929102200919477,0.25189155178323425,0.3971149523322099,0.25189155178323425,-0.27502688409390724,-0.4258096945730182,-0.08512017168967231,-0.3583900016319442,0.09224157698187346,-0.04017841218418925,0.1994620735246534,0.15720686111922416,0.3971149523322099,0.1994620735246534,-0.5139643401522103,0.5775424606217382,0.7242013222867192,0.4420031394610348,0.7665488232481216,0.9820410122537707,0.6610109123764255,0.3199552549482129,0.5302271061682436,-0.5714471570641472,-0.4213833119431867,0.7818306997637458,-0.4122758371708891,-0.8507860117696757,-0.3505132039888402,-0.1463883502921887,-0.2759246174847213,0.07310698798015802,-0.08594563228925395,-0.600579649014794,-0.4468938336631605,-0.3277051776994857,0.13524387937076657,0.4435826485241969,0.27969715213966506,-0.2869787740830705,0.1669219368168713,0.02317795345853223,0.4243960436258152,0.5768072971551863,0.9971785559299868,0.3325007075101621,-0.7086768134023931,-0.7998223912022998,-0.7919682146954455,0.707809237893779,-0.20037952278575263,0.49156874661314204,0.1981257751872217,0.16278687713415763,-0.5714471570641472,-0.884486067100031,-0.5604919941998046,-0.8438589842166994,0.5200522613510503,0.07396226876037965,-0.0347745181955837,0.3629474604778939,-0.3528881220115187,-0.04017841218418925,0.34843506139162905,-0.13147195992903893,0.1432332094382696,-0.17893828433101308,-0.04017841218418925,0.16215904682670154,0.512886612524692,-0.4468938336631605,0.18097351730165287
